 84339 0.395311
 87492 0.240787
 47640 0.193615
128299 0.177810
 88669 0.169609
129149 0.165451
126561 0.165451
 84417 0.157575
 96133 0.155485
121563 0.150219
   987 0.146515
 34688 0.137251
130187 0.135369
 92324 0.135369
100142 0.134147
103116 0.134147
 48245 0.132694
 35088 0.127439
128089 0.124088
 73191 0.120057
 82560 0.114661
129156 0.114600
124863 0.114600
107443 0.106361
113618 0.106361
119844 0.106361
 77524 0.105050
 55890 0.105050
   344 0.105037
128054 0.104510
 12067 0.100848
 89200 0.100848
 12112 0.100848
 90539 0.100848
 54622 0.100848
 33262 0.100848
 35960 0.100805
 90244 0.099270
103109 0.098030
 98324 0.096969
 11330 0.096969
 48244 0.096969
 32089 0.096862
 19874 0.093378
 94662 0.093378
 63855 0.093378
129393 0.093066
122337 0.093066
 12724 0.091996
 88562 0.091910
 95220 0.090043
 19820 0.090043
 30297 0.090043
123419 0.090043
 54653 0.090043
 76461 0.089284
  6007 0.089284
 88909 0.088891
 27721 0.087592
 11224 0.086938
 60766 0.086938
131382 0.086938
 11761 0.086804
 59958 0.086400
 66235 0.085664
 64392 0.084458
129811 0.084040
 25305 0.084040
 97117 0.084040
 53939 0.082725
115937 0.082725
 56811 0.082725
129007 0.082725
122659 0.082725
 71233 0.082636
129055 0.082236
 32067 0.082236
 73535 0.082236
  8241 0.082199
124971 0.081329
 88315 0.081329
 67751 0.081329
 34315 0.081329
121569 0.081329
  2957 0.080757
111429 0.080757
 49412 0.080127
106624 0.078787
 90751 0.078787
  6109 0.078787
127788 0.078787
131479 0.078787
 34694 0.078518
 63447 0.078371
122997 0.078371
126713 0.078371
 12030 0.078371
  7428 0.078371
 74959 0.078371
