   344 0.105037
   987 0.146515
  2957 0.080757
  6007 0.089284
  6109 0.078787
  7428 0.078371
  8241 0.082199
 11224 0.086938
 11330 0.096969
 11761 0.086804
 12030 0.078371
 12067 0.100848
 12112 0.100848
 12724 0.091996
 19820 0.090043
 19874 0.093378
 25305 0.084040
 27721 0.087592
 30297 0.090043
 32067 0.082236
 32089 0.096862
 33262 0.100848
 34315 0.081329
 34688 0.137251
 34694 0.078518
 35088 0.127439
 35960 0.100805
 47640 0.193615
 48244 0.096969
 48245 0.132694
 49412 0.080127
 53939 0.082725
 54622 0.100848
 54653 0.090043
 55890 0.105050
 56811 0.082725
 59958 0.086400
 60766 0.086938
 63447 0.078371
 63855 0.093378
 64392 0.084458
 66235 0.085664
 67751 0.081329
 71233 0.082636
 73191 0.120057
 73535 0.082236
 74959 0.078371
 76461 0.089284
 77524 0.105050
 82560 0.114661
 84339 0.395311
 84417 0.157575
 87492 0.240787
 88315 0.081329
 88562 0.091910
 88669 0.169609
 88909 0.088891
 89200 0.100848
 90244 0.099270
 90539 0.100848
 90751 0.078787
 92324 0.135369
 94662 0.093378
 95220 0.090043
 96133 0.155485
 97117 0.084040
 98324 0.096969
100142 0.134147
103109 0.098030
103116 0.134147
106624 0.078787
107443 0.106361
111429 0.080757
113618 0.106361
115937 0.082725
119844 0.106361
121563 0.150219
121569 0.081329
122337 0.093066
122659 0.082725
122997 0.078371
123419 0.090043
124863 0.114600
124971 0.081329
126561 0.165451
126713 0.078371
127788 0.078787
128054 0.104510
128089 0.124088
128299 0.177810
129007 0.082725
129055 0.082236
129149 0.165451
129156 0.114600
129393 0.093066
129811 0.084040
130187 0.135369
131382 0.086938
131479 0.078787
